11110111
01000011
11111000
01000101
10001000
00000101
10011011
11101000
01110110
10111111
01000001
01101111
11101000
10000110
10001101
11011010
00110011
11001110
01011100
01011110
01000000
01000100
10001111
01101010
10010101
10110011
10100101
00101001
10101011
01011011
01100100
10110000
10001000
10100100
00110001
11010101
10011010
00110011
11010010
10000111
10001010
11110001
10100010
11100100
10011001
10001001
01011101
11010100
11111100
00010111
01010101
01100001
01011010
11010010
11000101
10011111
11001000
11011000
00001011
00010001
10001001
00101000
01001011
01101111